0.2 300
 8
0.2 -0.2 0.4 0.4
3
21 0.0006671114076050701 -1 -0 -0
22 0.00133422281521014 0 1 0
27 0.00133422281521014 -0 -0 1
0.2 0.2 0.4 0.4
3
20 0.00133422281521014 -0 1 -0
21 0.0006671114076050701 1 0 0
26 0.00133422281521014 -0 -0 1
0.2 0.2 -0.4 -0.4
3
24 0.00133422281521014 -0 -0 -1
25 0.00133422281521014 0 -1 0
30 0.0006671114076050701 1 -0 -0
0.2 -0.2 -0.4 -0.4
3
29 0.00133422281521014 -0 -0 -1
30 0.0006671114076050701 -1 0 0
31 0.00133422281521014 0 -1 0
0.2 0.2 -0.4 0.4
3
20 0.00133422281521014 0 -1 0
23 0.0006671114076050701 1 -0 -0
24 0.00133422281521014 0 0 1
0.2 -0.2 -0.4 0.4
3
22 0.00133422281521014 -0 -1 -0
23 0.0006671114076050701 -1 0 0
29 0.00133422281521014 0 0 1
0.2 -0.2 0.4 -0.4
3
27 0.00133422281521014 0 0 -1
28 0.0006671114076050701 -1 -0 -0
31 0.00133422281521014 -0 1 -0
0.2 0.2 0.4 -0.4
3
25 0.00133422281521014 -0 1 -0
26 0.00133422281521014 0 0 -1
28 0.0006671114076050701 1 0 0
12
300 0 0 -299.3996664441107
-0.2 0.4 0.4 0.2 -0.4 0.4 0.2 0.4 0.4
9 0.8944271909999159 0.4472135954999579 0
20 -0.999999777480764 0 0.0006671120013852226
21 0 -0.9999991099239475 0.001334223112099919
300 0 0 -299.3996664441107
-0.2 0.4 0.4 -0.2 -0.4 0.4 0.2 -0.4 0.4
22 0.999999777480764 0 0.0006671120013852226
23 0 0.9999991099239475 0.001334223112099919
8 -0.8944271909999159 -0.4472135954999579 0
300 -299.5994663103989 0 0
0.2 -0.4 0.4 0.2 -0.4 -0.4 0.2 0.4 0.4
24 0.001334224002770445 0.9999991099227591 0
11 0 -0.7071067811865476 0.7071067811865476
20 0.001334224002770445 0 -0.9999991099227591
300 -299.5994663103989 0 0
0.2 -0.4 -0.4 0.2 0.4 -0.4 0.2 0.4 0.4
25 0.001334224002770445 0 0.9999991099227591
26 0.001334224002770445 -0.9999991099227591 0
10 0 0.7071067811865476 -0.7071067811865476
300 0 -299.3996664441107 0
0.2 0.4 0.4 -0.2 0.4 -0.4 -0.2 0.4 0.4
13 -0.8944271909999159 0 0.4472135954999579
27 0.999999777480764 0.0006671120013852226 0
21 0 0.001334223112099919 -0.9999991099239475
300 0 -299.3996664441107 0
0.2 0.4 0.4 0.2 0.4 -0.4 -0.2 0.4 -0.4
26 -0.999999777480764 0.0006671120013852226 0
28 0 0.001334223112099919 0.9999991099239475
12 0.8944271909999159 0 -0.4472135954999579
300 0 299.3996664441107 0
-0.2 -0.4 0.4 0.2 -0.4 -0.4 0.2 -0.4 0.4
15 0.8944271909999159 0 0.4472135954999579
24 -0.999999777480764 -0.0006671120013852226 0
23 0 -0.001334223112099919 -0.9999991099239475
300 0 299.3996664441107 0
-0.2 -0.4 0.4 -0.2 -0.4 -0.4 0.2 -0.4 -0.4
29 0.999999777480764 -0.0006671120013852226 0
30 0 -0.001334223112099919 0.9999991099239475
14 -0.8944271909999159 0 -0.4472135954999579
300 0 0 299.3996664441107
0.2 0.4 -0.4 0.2 -0.4 -0.4 -0.2 0.4 -0.4
25 -0.999999777480764 0 -0.0006671120013852226
17 0.8944271909999159 0.4472135954999579 0
28 0 -0.9999991099239475 -0.001334223112099919
300 0 0 299.3996664441107
0.2 -0.4 -0.4 -0.2 -0.4 -0.4 -0.2 0.4 -0.4
30 0 0.9999991099239475 -0.001334223112099919
31 0.999999777480764 0 -0.0006671120013852226
16 -0.8944271909999159 -0.4472135954999579 0
300 299.5994663103989 0 0
-0.2 0.4 0.4 -0.2 -0.4 -0.4 -0.2 -0.4 0.4
19 0 -0.7071067811865476 0.7071067811865476
29 -0.001334224002770445 0.9999991099227591 0
22 -0.001334224002770445 0 -0.9999991099227591
300 299.5994663103989 0 0
-0.2 0.4 0.4 -0.2 0.4 -0.4 -0.2 -0.4 -0.4
27 -0.001334224002770445 -0.9999991099227591 0
31 -0.001334224002770445 0 0.9999991099227591
18 0 0.7071067811865476 -0.7071067811865476
18
0
299.7996664441106 300 0 0 0.4 -0.4472135954999579 0.8944271909999159 0
0 0.001491706455970507 -0.4472135954999579 0.8944271909999159 0
4 0.001491706455970507 0.4472135954999579 -0.8944271909999159 -0
8 0.8944271909999159 0.4472135954999579 0
9 -0.8944271909999159 -0.4472135954999579 0
1
299.7997331553182 300 0.2 0 0.4 0 -1 0
4 0.00133422281521014 0 -1 0
1 0.00133422281521014 -0 1 -0
8 -0.999999777480764 0 0.0006671120013852226
10 0.001334224002770445 0 -0.9999991099227591
1
299.7999332888518 300 0 0.4 0.4 1 0 0
1 0.0006671114076050701 1 0 0
0 0.0006671114076050701 -1 -0 -0
8 0 -0.9999991099239475 0.001334223112099919
12 0 0.001334223112099919 -0.9999991099239475
1
299.7997331553182 300 -0.2 0 0.4 0 1 0
0 0.00133422281521014 0 1 0
5 0.00133422281521014 -0 -1 -0
9 0.999999777480764 0 0.0006671120013852226
18 -0.001334224002770445 0 -0.9999991099227591
1
299.7999332888518 300 0 -0.4 0.4 -1 0 0
5 0.0006671114076050701 -1 0 0
4 0.0006671114076050701 1 -0 -0
9 0 0.9999991099239475 0.001334223112099919
14 0 -0.001334223112099919 -0.9999991099239475
1
299.7997331553182 300 0.2 -0.4 0 0 0 1
4 0.00133422281521014 0 0 1
2 0.00133422281521014 -0 -0 -1
10 0.001334224002770445 0.9999991099227591 0
14 -0.999999777480764 -0.0006671120013852226 0
0
299.7994663103989 300 0.2 0 0 0 -0.7071067811865475 -0.7071067811865475
2 0.001886876000497792 0 -0.7071067811865475 -0.7071067811865475
1 0.001886876000497792 -0 0.7071067811865475 0.7071067811865475
10 0 -0.7071067811865476 0.7071067811865476
11 0 0.7071067811865476 -0.7071067811865476
1
299.7997331553182 300 0.2 0 -0.4 0 -1 0
2 0.00133422281521014 0 -1 0
7 0.00133422281521014 -0 1 -0
11 0.001334224002770445 0 0.9999991099227591
16 -0.999999777480764 0 -0.0006671120013852226
1
299.7997331553182 300 0.2 0.4 0 0 0 -1
7 0.00133422281521014 0 0 -1
1 0.00133422281521014 -0 -0 1
11 0.001334224002770445 -0.9999991099227591 0
13 -0.999999777480764 0.0006671120013852226 0
0
299.7996664441106 300 0 0.4 0 0.4472135954999579 0 0.8944271909999159
1 0.001491706455970507 0.4472135954999579 0 0.8944271909999159
6 0.001491706455970507 -0.4472135954999579 -0 -0.8944271909999159
12 -0.8944271909999159 0 0.4472135954999579
13 0.8944271909999159 0 -0.4472135954999579
1
299.7997331553182 300 -0.2 0.4 0 0 0 -1
6 0.00133422281521014 0 0 -1
0 0.00133422281521014 -0 -0 1
12 0.999999777480764 0.0006671120013852226 0
19 -0.001334224002770445 -0.9999991099227591 0
1
299.7999332888518 300 0 0.4 -0.4 1 0 0
7 0.0006671114076050701 1 0 0
6 0.0006671114076050701 -1 -0 -0
13 0 0.001334223112099919 0.9999991099239475
16 0 -0.9999991099239475 -0.001334223112099919
0
299.7996664441106 300 0 -0.4 0 -0.4472135954999579 0 0.8944271909999159
5 0.001491706455970507 -0.4472135954999579 0 0.8944271909999159
2 0.001491706455970507 0.4472135954999579 -0 -0.8944271909999159
14 0.8944271909999159 0 0.4472135954999579
15 -0.8944271909999159 0 -0.4472135954999579
1
299.7997331553182 300 -0.2 -0.4 0 0 0 1
5 0.00133422281521014 0 0 1
3 0.00133422281521014 -0 -0 -1
15 0.999999777480764 -0.0006671120013852226 0
18 -0.001334224002770445 0.9999991099227591 0
1
299.7999332888518 300 0 -0.4 -0.4 -1 0 0
3 0.0006671114076050701 -1 0 0
2 0.0006671114076050701 1 -0 -0
15 0 -0.001334223112099919 0.9999991099239475
17 0 0.9999991099239475 -0.001334223112099919
0
299.7996664441106 300 0 0 -0.4 0.4472135954999579 -0.8944271909999159 0
2 0.001491706455970507 0.4472135954999579 -0.8944271909999159 0
6 0.001491706455970507 -0.4472135954999579 0.8944271909999159 -0
16 0.8944271909999159 0.4472135954999579 0
17 -0.8944271909999159 -0.4472135954999579 0
1
299.7997331553182 300 -0.2 0 -0.4 0 -1 0
3 0.00133422281521014 0 -1 0
6 0.00133422281521014 -0 1 -0
17 0.999999777480764 0 -0.0006671120013852226
19 -0.001334224002770445 0 0.9999991099227591
0
299.7994663103989 300 -0.2 0 0 0 0.7071067811865475 0.7071067811865475
0 0.001886876000497792 0 0.7071067811865475 0.7071067811865475
3 0.001886876000497792 -0 -0.7071067811865475 -0.7071067811865475
18 0 -0.7071067811865476 0.7071067811865476
19 0 0.7071067811865476 -0.7071067811865476
