0.2 300
 12
0.2 -0.2 0.4 0.4
5
32 0.0006671114076050701 -1 0 0
33 0.00133422281521014 -0 -0 1
37 0.002109591501112995 -0 0.3162277660168379 0.9486832980505138
39 0.002405304386567038 -0 0.5547001962252291 0.8320502943378437
41 0.0006671114076050701 -0 1 -0
0.2 0.2 0.4 0.4
5
32 0.0006671114076050701 1 -0 -0
34 0.00133422281521014 0 0 1
44 0.002109591501112995 0 0.3162277660168379 0.9486832980505138
46 0.002405304386567038 0 0.5547001962252291 0.8320502943378437
48 0.0006671114076050701 0 1 0
0.2 0.2 -0 0.4
4
48 0.0006671114076050701 -0 -1 -0
49 0.002109591501112995 0 0.3162277660168379 0.9486832980505138
50 0.0009434380002488961 0 0.7071067811865475 0.7071067811865475
55 0.0006671114076050701 1 0 0
0.2 -0.2 -0 0.4
4
40 0.002109591501112995 -0 0.3162277660168379 0.9486832980505138
41 0.0006671114076050701 0 -1 0
43 0.0009434380002488961 -0 0.7071067811865475 0.7071067811865475
55 0.0006671114076050701 -1 -0 -0
0.2 0.2 -0.4 0
3
50 0.0009434380002488961 -0 -0.7071067811865475 -0.7071067811865475
51 0.00133422281521014 0 0 1
54 0.0006671114076050701 1 0 0
0.2 -0.2 -0.4 0
3
42 0.00133422281521014 -0 -0 1
43 0.0009434380002488961 0 -0.7071067811865475 -0.7071067811865475
54 0.0006671114076050701 -1 -0 -0
0.2 -0.2 0.4 -0.4
3
33 0.00133422281521014 0 0 -1
35 0.0006671114076050701 -1 -0 -0
36 0.0009434380002488961 0 0.7071067811865475 0.7071067811865475
0.2 0.2 0.4 -0.4
3
34 0.00133422281521014 -0 -0 -1
35 0.0006671114076050701 1 0 0
45 0.0009434380002488961 -0 0.7071067811865475 0.7071067811865475
0.2 -0.2 0 -0.8
4
36 0.0009434380002488961 -0 -0.7071067811865475 -0.7071067811865475
37 0.002109591501112995 0 -0.3162277660168379 -0.9486832980505138
38 0.0006671114076050701 0 1 0
52 0.0006671114076050701 -1 -0 -0
0.2 0.2 0 -0.8
4
44 0.002109591501112995 -0 -0.3162277660168379 -0.9486832980505138
45 0.0009434380002488961 0 -0.7071067811865475 -0.7071067811865475
47 0.0006671114076050701 -0 1 -0
52 0.0006671114076050701 1 0 0
0.2 0.2 -0.4 -0.8
5
46 0.002405304386567038 -0 -0.5547001962252291 -0.8320502943378437
47 0.0006671114076050701 0 -1 0
49 0.002109591501112995 -0 -0.3162277660168379 -0.9486832980505138
51 0.00133422281521014 -0 -0 -1
53 0.0006671114076050701 1 0 0
0.2 -0.2 -0.4 -0.8
5
38 0.0006671114076050701 -0 -1 -0
39 0.002405304386567038 0 -0.5547001962252291 -0.8320502943378437
40 0.002109591501112995 0 -0.3162277660168379 -0.9486832980505138
42 0.00133422281521014 0 0 -1
53 0.0006671114076050701 -1 -0 -0
20
300 0 -299.3996664441107 0
-0.2 0.4 0.4 0.2 0.4 0.4 -0.2 0.4 -0.4
32 0 0.001334223112099919 -0.9999991099239475
13 -0.8944271909999159 0 0.4472135954999579
33 0.999999777480764 0.0006671120013852226 0
300 0 -299.3996664441107 0
0.2 0.4 0.4 0.2 0.4 -0.4 -0.2 0.4 -0.4
34 -0.999999777480764 0.0006671120013852226 0
35 0 0.001334223112099919 0.9999991099239475
12 0.8944271909999159 0 -0.4472135954999579
300 299.5986657742159 -0.4 1.110223024625157e-16
-0.2 0.4 -0.4 -0.2 0 -0.8 -0.2 0.4 0.4
36 -0.002830315260343765 -0.7071039489762192 0.7071039489762192
37 0.002109596195366675 0.9486811870399368 -0.3162270623466455
33 -0.002668448005540891 -0.9999964396862829 0
300 299.5990363930849 -0.2 -0.06666666666666654
-0.2 0 -0.8 -0.2 -0.4 -0.8 -0.2 0.4 0.4
38 -0.002446075705516518 0 0.9999970083523464
39 0.0008017704481761652 0.832050026901921 -0.554700017934614
37 -0.001406397463577783 -0.9486823598241705 0.3162274532747236
300 299.5990363930849 0.200000000000001 -0.3333333333333315
-0.2 -0.4 -0.8 -0.2 -0 0.4 -0.2 0.4 0.4
40 -0.001406397463577784 0.9486823598241705 -0.3162274532747235
41 -0.002446075705516512 0 -0.9999970083523464
39 0.0008017704481761642 -0.8320500269019209 0.554700017934614
300 299.5986657742159 0.4 -0.4000000000000006
-0.2 -0.4 -0.8 -0.2 -0.4 0 -0.2 -0 0.4
42 -0.00266844800554089 0.9999964396862829 0
43 -0.002830315260343766 0.7071039489762191 -0.7071039489762191
40 0.002109596195366675 -0.9486811870399365 0.3162270623466455
300 -299.5986657742159 -0.4 5.551115123125783e-16
0.2 0.4 0.4 0.2 0 -0.8 0.2 0.4 -0.4
44 -0.002109596195366675 0.9486811870399365 -0.3162270623466455
45 0.002830315260343766 -0.7071039489762191 0.7071039489762191
34 0.00266844800554089 -0.9999964396862829 0
300 -299.5990363930849 -0.200000000000001 -0.06666666666666854
0.2 0.4 0.4 0.2 -0.4 -0.8 0.2 0 -0.8
46 -0.0008017704481761642 0.8320500269019209 -0.554700017934614
47 0.002446075705516512 0 0.9999970083523464
44 0.001406397463577784 -0.9486823598241705 0.3162274532747235
300 -299.5990363930849 0.2 -0.3333333333333335
0.2 0.4 0.4 0.2 -0 0.4 0.2 -0.4 -0.8
48 0.002446075705516518 0 -0.9999970083523464
49 0.001406397463577783 0.9486823598241705 -0.3162274532747235
46 -0.0008017704481761653 -0.8320500269019209 0.554700017934614
300 -299.5986657742159 0.3999999999999999 -0.4000000000000002
0.2 -0 0.4 0.2 -0.4 0 0.2 -0.4 -0.8
50 0.002830315260343765 0.7071039489762192 -0.7071039489762191
51 0.00266844800554089 0.9999964396862829 0
49 -0.002109596195366675 -0.9486811870399368 0.3162270623466455
300 0 -211.7904714839797 211.3904714839797
0.2 0.4 -0.4 -0.2 0 -0.8 -0.2 0.4 -0.4
23 -0.8164965809277351 0.408248290463854 0.4082482904638539
36 0.9999997774809621 0.0004717192100573101 -0.0004717192100572682
35 0 -0.7064393549411613 -0.7077735780532612
300 0 -211.7904714839797 211.3904714839797
0.2 0.4 -0.4 0.2 0 -0.8 -0.2 0 -0.8
45 -0.9999997774809621 0.0004717192100573101 -0.0004717192100572682
52 0 0.7077735780532612 0.7064393549411612
22 0.8164965809277351 -0.408248290463854 -0.4082482904638539
300 0 -0.2 298.9998665776888
0.2 0 -0.8 0.2 -0.4 -0.8 -0.2 0 -0.8
47 -0.9999997774810612 0 -0.0006671115560499596
25 0.7071067811865475 0.7071067811865475 0
52 0 -0.9999997774810612 -0.0006671115560499596
300 0 -0.2 298.9998665776888
0.2 -0.4 -0.8 -0.2 -0.4 -0.8 -0.2 0 -0.8
53 0 0.9999997774810612 -0.0006671115560499596
38 0.9999997774810612 0 -0.0006671115560499596
24 -0.7071067811865475 -0.7071067811865475 0
300 0 299.3996664441107 -0.4
-0.2 -0.4 -0.8 0.2 -0.4 0 -0.2 -0.4 0
27 -0.8944271909999159 0 0.4472135954999579
54 0 -0.001334223112099919 -0.9999991099239475
42 0.999999777480764 -0.0006671120013852226 0
300 0 299.3996664441107 -0.4
-0.2 -0.4 -0.8 0.2 -0.4 -0.8 0.2 -0.4 0
53 0 -0.001334223112099919 0.9999991099239475
51 -0.999999777480764 -0.0006671120013852226 0
26 0.8944271909999159 0 -0.4472135954999579
300 0 211.7904714839797 -211.7904714839797
0.2 -0.4 0 0.2 -0 0.4 -0.2 -0.4 0
50 -0.9999997774809621 -0.0004717192100573101 0.0004717192100572682
29 0.8164965809277351 -0.408248290463854 -0.4082482904638539
54 0 0.7064393549411613 0.7077735780532612
300 0 211.7904714839797 -211.7904714839797
0.2 -0 0.4 -0.2 -0 0.4 -0.2 -0.4 0
55 0 -0.7077735780532612 -0.7064393549411613
43 0.9999997774809621 -0.0004717192100572682 0.0004717192100573101
28 -0.8164965809277351 0.4082482904638539 0.408248290463854
300 0 0.2 -299.3998665776888
0.2 -0 0.4 -0.2 0.4 0.4 -0.2 -0 0.4
31 -0.7071067811865475 -0.7071067811865475 0
41 0.9999997774810612 0 0.0006671115560499596
55 0 0.9999997774810612 0.0006671115560499596
300 0 0.2 -299.3998665776888
0.2 -0 0.4 0.2 0.4 0.4 -0.2 0.4 0.4
48 -0.9999997774810612 0 0.0006671115560499596
32 0 -0.9999997774810612 0.0006671115560499596
30 0.7071067811865475 0.7071067811865475 0
30
1
299.7999332888518 300 0 0.4 0.4 -1 0 0
0 0.0006671114076050701 -1 0 0
1 0.0006671114076050701 1 -0 -0
12 0 0.001334223112099919 -0.9999991099239475
31 0 -0.9999997774810612 0.0006671115560499596
0
299.7996664441106 300 0 0.4 0 0.4472135954999579 0 0.8944271909999159
1 0.001491706455970507 0.4472135954999579 0 0.8944271909999159
6 0.001491706455970507 -0.4472135954999579 -0 -0.8944271909999159
12 -0.8944271909999159 0 0.4472135954999579
13 0.8944271909999159 0 -0.4472135954999579
1
299.7997331553182 300 -0.2 0.4 0 0 0 -1
6 0.00133422281521014 0 0 -1
0 0.00133422281521014 -0 -0 1
12 0.999999777480764 0.0006671120013852226 0
14 -0.002668448005540891 -0.9999964396862829 0
1
299.7997331553182 300 0.2 0.4 0 0 0 1
1 0.00133422281521014 0 0 1
7 0.00133422281521014 -0 -0 -1
13 -0.999999777480764 0.0006671120013852226 0
18 0.00266844800554089 -0.9999964396862829 0
1
299.7999332888518 300 0 0.4 -0.4 1 0 0
7 0.0006671114076050701 1 0 0
6 0.0006671114076050701 -1 -0 -0
13 0 0.001334223112099919 0.9999991099239475
22 0 -0.7064393549411613 -0.7077735780532612
1
299.7998665776888 300 -0.2 0.2 -0.6000000000000001 0 0.7071067811865475 0.7071067811865475
6 0.0009434380002488961 0 0.7071067811865475 0.7071067811865475
8 0.0009434380002488961 -0 -0.7071067811865475 -0.7071067811865475
14 -0.002830315260343765 -0.7071039489762192 0.7071039489762192
22 0.9999997774809621 0.0004717192100573101 -0.0004717192100572682
1
299.7993328878501 300 -0.2 0.2 -0.2 0 -0.3162277660168379 -0.9486832980505138
8 0.002109591501112995 0 -0.3162277660168379 -0.9486832980505138
0 0.002109591501112995 -0 0.3162277660168379 0.9486832980505138
14 0.002109596195366675 0.9486811870399368 -0.3162270623466455
15 -0.001406397463577783 -0.9486823598241705 0.3162274532747236
1
299.7999332888519 300 -0.2 -0.2 -0.8 0 1 0
8 0.0006671114076050701 0 1 0
11 0.0006671114076050701 -0 -1 -0
15 -0.002446075705516518 0 0.9999970083523464
25 0.9999997774810612 0 -0.0006671115560499596
1
299.7991327539158 300 -0.2 0 -0.2 0 -0.5547001962252291 -0.8320502943378437
11 0.002405304386567038 0 -0.5547001962252291 -0.8320502943378437
0 0.002405304386567038 -0 0.5547001962252291 0.8320502943378437
15 0.0008017704481761652 0.832050026901921 -0.554700017934614
16 0.0008017704481761642 -0.8320500269019209 0.554700017934614
1
299.7993328878501 300 -0.2 -0.2 -0.2 0 -0.3162277660168379 -0.9486832980505138
11 0.002109591501112995 0 -0.3162277660168379 -0.9486832980505138
3 0.002109591501112995 -0 0.3162277660168379 0.9486832980505138
16 -0.001406397463577784 0.9486823598241705 -0.3162274532747235
17 0.002109596195366675 -0.9486811870399365 0.3162270623466455
1
299.7999332888518 300 -0.2 0.2 0.4 0 -1 0
3 0.0006671114076050701 0 -1 0
0 0.0006671114076050701 -0 1 -0
16 -0.002446075705516512 0 -0.9999970083523464
30 0.9999997774810612 0 0.0006671115560499596
1
299.7997331553182 300 -0.2 -0.4 -0.4 0 0 -1
11 0.00133422281521014 0 0 -1
5 0.00133422281521014 -0 -0 1
17 -0.00266844800554089 0.9999964396862829 0
26 0.999999777480764 -0.0006671120013852226 0
1
299.7998665776888 300 -0.2 -0.2 0.2 0 -0.7071067811865475 -0.7071067811865475
5 0.0009434380002488961 0 -0.7071067811865475 -0.7071067811865475
3 0.0009434380002488961 -0 0.7071067811865475 0.7071067811865475
17 -0.002830315260343766 0.7071039489762191 -0.7071039489762191
29 0.9999997774809621 -0.0004717192100572682 0.0004717192100573101
1
299.7993328878502 300 0.2 0.2 -0.2 0 0.3162277660168379 0.9486832980505138
1 0.002109591501112995 0 0.3162277660168379 0.9486832980505138
9 0.002109591501112995 -0 -0.3162277660168379 -0.9486832980505138
18 -0.002109596195366675 0.9486811870399365 -0.3162270623466455
19 0.001406397463577784 -0.9486823598241705 0.3162274532747235
1
299.7998665776888 300 0.2 0.2 -0.6000000000000001 0 -0.7071067811865475 -0.7071067811865475
9 0.0009434380002488961 0 -0.7071067811865475 -0.7071067811865475
7 0.0009434380002488961 -0 0.7071067811865475 0.7071067811865475
18 0.002830315260343766 -0.7071039489762191 0.7071039489762191
23 -0.9999997774809621 0.0004717192100573101 -0.0004717192100572682
1
299.7991327539157 300 0.2 0 -0.2 0 0.5547001962252291 0.8320502943378437
1 0.002405304386567038 0 0.5547001962252291 0.8320502943378437
10 0.002405304386567038 -0 -0.5547001962252291 -0.8320502943378437
19 -0.0008017704481761642 0.8320500269019209 -0.554700017934614
20 -0.0008017704481761653 -0.8320500269019209 0.554700017934614
1
299.7999332888518 300 0.2 -0.2 -0.8 0 -1 0
10 0.0006671114076050701 0 -1 0
9 0.0006671114076050701 -0 1 -0
19 0.002446075705516512 0 0.9999970083523464
24 -0.9999997774810612 0 -0.0006671115560499596
1
299.7999332888518 300 0.2 0.2 0.4 0 1 0
1 0.0006671114076050701 0 1 0
2 0.0006671114076050701 -0 -1 -0
20 0.002446075705516518 0 -0.9999970083523464
31 -0.9999997774810612 0 0.0006671115560499596
1
299.7993328878501 300 0.2 -0.2 -0.2 0 0.3162277660168379 0.9486832980505138
2 0.002109591501112995 0 0.3162277660168379 0.9486832980505138
10 0.002109591501112995 -0 -0.3162277660168379 -0.9486832980505138
20 0.001406397463577783 0.9486823598241705 -0.3162274532747235
21 -0.002109596195366675 -0.9486811870399368 0.3162270623466455
1
299.7998665776888 300 0.2 -0.2 0.2 0 0.7071067811865475 0.7071067811865475
2 0.0009434380002488961 0 0.7071067811865475 0.7071067811865475
4 0.0009434380002488961 -0 -0.7071067811865475 -0.7071067811865475
21 0.002830315260343765 0.7071039489762192 -0.7071039489762191
28 -0.9999997774809621 -0.0004717192100573101 0.0004717192100572682
1
299.7997331553182 300 0.2 -0.4 -0.4 0 0 1
4 0.00133422281521014 0 0 1
10 0.00133422281521014 -0 -0 -1
21 0.00266844800554089 0.9999964396862829 0
27 -0.999999777480764 -0.0006671120013852226 0
0
299.7997998665109 300 0 0.2 -0.6000000000000001 0.5773502691896257 0.5773502691896257 0.5773502691896257
7 0.001155470852280772 0.5773502691896257 0.5773502691896257 0.5773502691896257
8 0.001155470852280772 -0.5773502691896257 -0.5773502691896257 -0.5773502691896257
22 -0.8164965809277351 0.408248290463854 0.4082482904638539
23 0.8164965809277351 -0.408248290463854 -0.4082482904638539
1
299.7999332888518 300 0 0 -0.8 1 0 0
9 0.0006671114076050701 1 0 0
8 0.0006671114076050701 -1 -0 -0
23 0 0.7077735780532612 0.7064393549411612
24 0 -0.9999997774810612 -0.0006671115560499596
0
299.7998665776888 300 0 -0.2 -0.8 0.7071067811865475 -0.7071067811865475 0
10 0.0009434380002488961 0.7071067811865475 -0.7071067811865475 0
8 0.0009434380002488961 -0.7071067811865475 0.7071067811865475 -0
24 0.7071067811865475 0.7071067811865475 0
25 -0.7071067811865475 -0.7071067811865475 0
1
299.7999332888518 300 0 -0.4 -0.8 1 0 0
10 0.0006671114076050701 1 0 0
11 0.0006671114076050701 -1 -0 -0
25 0 0.9999997774810612 -0.0006671115560499596
27 0 -0.001334223112099919 0.9999991099239475
0
299.7996664441106 300 0 -0.4 -0.4 -0.4472135954999579 0 -0.8944271909999159
11 0.001491706455970507 -0.4472135954999579 0 -0.8944271909999159
4 0.001491706455970507 0.4472135954999579 -0 0.8944271909999159
26 -0.8944271909999159 0 0.4472135954999579
27 0.8944271909999159 0 -0.4472135954999579
1
299.7999332888518 300 0 -0.4 0 1 0 0
4 0.0006671114076050701 1 0 0
5 0.0006671114076050701 -1 -0 -0
26 0 -0.001334223112099919 -0.9999991099239475
28 0 0.7064393549411613 0.7077735780532612
0
299.7997998665109 300 0 -0.2 0.2 0.5773502691896257 0.5773502691896257 0.5773502691896257
2 0.001155470852280772 0.5773502691896257 0.5773502691896257 0.5773502691896257
5 0.001155470852280772 -0.5773502691896257 -0.5773502691896257 -0.5773502691896257
28 0.8164965809277351 -0.408248290463854 -0.4082482904638539
29 -0.8164965809277351 0.4082482904638539 0.408248290463854
1
299.7999332888518 300 0 -0 0.4 1 0 0
2 0.0006671114076050701 1 0 0
3 0.0006671114076050701 -1 -0 -0
29 0 -0.7077735780532612 -0.7064393549411613
30 0 0.9999997774810612 0.0006671115560499596
0
299.7998665776888 300 0 0.2 0.4 0.7071067811865475 -0.7071067811865475 0
2 0.0009434380002488961 0.7071067811865475 -0.7071067811865475 0
0 0.0009434380002488961 -0.7071067811865475 0.7071067811865475 -0
30 -0.7071067811865475 -0.7071067811865475 0
31 0.7071067811865475 0.7071067811865475 0
